// _____________________________________________________________________________
.plain:
# 7:7 (plain)
 1    2
2  5 1 
       
4  7  3
  2    
   2   
3 3 2 3

// _____________________________________________________________________________
.plain.solution
# (plain.solution)
 1----2
2==5-1|
   H  |
4==7--3
H 2H  |
H H2  |
3-3 2=3
// _____________________________________________________________________________
.xy
# 7:7 (xy)
# x,y,count
0,1,2
0,3,4
0,6,3
1,0,1
2,4,2
2,6,3
3,1,5
3,3,7
3,5,2
4,6,2
5,1,1
6,0,2
6,3,3
6,6,3
// _____________________________________________________________________________
# (xy.solution)
# x1,y1,x2,y2
1,0,6,0
0,1,3,1
0,1,3,1
3,1,5,1
0,3,3,3
0,3,3,3
3,3,6,3
0,6,2,6
4,6,6,6
4,6,6,6
1,6,3,6
3,1,3,5
3,1,3,5
0,3,0,6
0,3,0,6
2,4,2,6
2,4,2,6
3,3,3,5
6,3,6,6
